  -----------------------------
  |    |            |         |
  |  N |  Произв.   |  Штук   |
  |    |            |         |
  -----------------------------
  |  1 |            | -858993460 |
  |  2 |            | -858993460 |
  |  3 |            | -858993460 |
  |  4 |            | -858993460 |
  |  5 |            | -858993460 |
  |  6 |            | -858993460 |
  |  7 |            | -858993460 |
  |  8 |            | -858993460 |
  |  9 |            | -858993460 |
  | 10 |            | -858993460 |
  | 11 |            | -858993460 |
  | 12 |            | -858993460 |
  | 13 |            | -858993460 |
  | 14 |            | -858993460 |
  | 15 |            | -858993460 |
  | 16 |            | -858993460 |
  | 17 |            | -858993460 |
  | 18 |            | -858993460 |
  | 19 |            | -858993460 |
  | 20 |            | -858993460 |
  -----------------------------
